 2019 166.891 165.400 165.229 166.403 165.466 156.063 155.566 154.596 152.840 155.553 165.103 169.108 
 2018 164.019 166.207 165.571 164.594 165.323 155.631 154.531 153.891 156.242 155.826 166.781 166.545 
 2018 164.019 166.207 165.571 164.594 165.323 155.631 154.531 153.891 156.242 155.826 166.781 166.545 
 2019 166.891 165.400 165.229 166.403 165.466 156.063 155.566 154.596 152.840 155.553 165.103 169.108 
 2020 164.113 165.853 164.944 167.030 167.653 156.287 154.873 154.987 155.036 157.106 167.299 164.830 
 2019 166.891 165.400 165.229 166.403 165.466 156.063 155.566 154.596 152.840 155.553 165.103 169.108 
 2019 166.891 165.400 165.229 166.403 165.466 156.063 155.566 154.596 152.840 155.553 165.103 169.108 
 2019 166.891 165.400 165.229 166.403 165.466 156.063 155.566 154.596 152.840 155.553 165.103 169.108 
 2018 164.019 166.207 165.571 164.594 165.323 155.631 154.531 153.891 156.242 155.826 166.781 166.545 
 2020 164.113 165.853 164.944 167.030 167.653 156.287 154.873 154.987 155.036 157.106 167.299 164.830 
 2018 164.019 166.207 165.571 164.594 165.323 155.631 154.531 153.891 156.242 155.826 166.781 166.545 
 2018 164.019 166.207 165.571 164.594 165.323 155.631 154.531 153.891 156.242 155.826 166.781 166.545 
 2018 164.019 166.207 165.571 164.594 165.323 155.631 154.531 153.891 156.242 155.826 166.781 166.545 
 2018 164.019 166.207 165.571 164.594 165.323 155.631 154.531 153.891 156.242 155.826 166.781 166.545 
 2018 164.019 166.207 165.571 164.594 165.323 155.631 154.531 153.891 156.242 155.826 166.781 166.545 
 2019 166.891 165.400 165.229 166.403 165.466 156.063 155.566 154.596 152.840 155.553 165.103 169.108 
 2018 164.019 166.207 165.571 164.594 165.323 155.631 154.531 153.891 156.242 155.826 166.781 166.545 
 2020 164.113 165.853 164.944 167.030 167.653 156.287 154.873 154.987 155.036 157.106 167.299 164.830 
 2020 164.113 165.853 164.944 167.030 167.653 156.287 154.873 154.987 155.036 157.106 167.299 164.830 
 2018 164.019 166.207 165.571 164.594 165.323 155.631 154.531 153.891 156.242 155.826 166.781 166.545 
 2018 164.019 166.207 165.571 164.594 165.323 155.631 154.531 153.891 156.242 155.826 166.781 166.545 
 2018 164.019 166.207 165.571 164.594 165.323 155.631 154.531 153.891 156.242 155.826 166.781 166.545 
 2018 164.019 166.207 165.571 164.594 165.323 155.631 154.531 153.891 156.242 155.826 166.781 166.545 
 2018 164.019 166.207 165.571 164.594 165.323 155.631 154.531 153.891 156.242 155.826 166.781 166.545 
 2019 166.891 165.400 165.229 166.403 165.466 156.063 155.566 154.596 152.840 155.553 165.103 169.108 
 2020 164.113 165.853 164.944 167.030 167.653 156.287 154.873 154.987 155.036 157.106 167.299 164.830 
